# File produced by Open Asset Import Library (http://www.assimp.sf.net)
# (assimp v5.0.1588609223)

mtllib result.mtl

# 296 vertex positions
v  38.209099 35.07019 59.499905
v  138.20889 35.07019 59.499905
v  38.209099 74.689949 41.491741
v  138.20889 56.682724 1.8739624
v  38.209099 17.062963 19.882126
v  38.209099 56.682724 1.8739624
v  138.20889 17.062963 19.882126
v  138.20889 74.689949 41.491741
v  38.209099 62.597942 101.94441
v  138.20889 62.597942 101.94441
v  38.209099 98.488747 77.329971
v  138.20889 73.875534 41.440971
v  38.209099 37.984734 66.055412
v  38.209099 73.875534 41.440971
v  138.20889 37.984734 66.055412
v  138.20889 98.488747 77.329971
v  38.209099 98.638 139.81177
v  138.20889 98.638 139.81177
v  38.209099 129.70917 109.33885
v  138.20889 99.237801 78.269211
v  38.209099 68.166641 108.74213
v  38.209099 99.237801 78.269211
v  138.20889 68.166641 108.74213
v  138.20889 129.70917 109.33885
v  38.209099 140.2621 169.23035
v  138.20889 140.2621 169.23035
v  38.209099 165.5697 133.82498
v  138.20889 130.16611 108.51864
v  38.209099 104.85851 143.92401
v  38.209099 130.16611 108.51864
v  138.20889 104.85851 143.92401
v  138.20889 165.5697 133.82498
v  38.209099 185.64238 191.18137
v  138.20889 185.64238 191.18137
v  38.209099 204.41742 151.91928
v  138.20889 165.15727 133.14514
v  38.209099 146.38223 172.40723
v  38.209099 165.15727 133.14514
v  138.20889 146.38223 172.40723
v  138.20889 204.41742 151.91928
v  38.209099 234.71176 205.5681
v  138.20889 234.71176 205.5681
v  38.209099 246.3838 163.64211
v  138.20889 204.4599 151.97064
v  38.209099 192.78786 193.89664
v  38.209099 204.4599 151.97064
v  138.20889 192.78786 193.89664
v  138.20889 246.3838 163.64211
v  38.209099 285.54675 210.51517
v  138.20889 285.54675 210.51517
v  38.209099 289.7612 167.19957
v  138.20889 246.44775 162.98529
v  38.209099 242.23332 206.3009
v  38.209099 246.44775 162.98529
v  138.20889 242.23332 206.3009
v  138.20889 289.7612 167.19957
v  38.209099 332.83875 211.3055
v  138.20889 332.83875 211.3055
v  38.209099 333.26193 167.78749
v  138.20889 289.74612 167.3643
v  38.209099 289.32291 210.88231
v  38.209099 289.74612 167.3643
v  138.20889 289.32291 210.88231
v  138.20889 333.26193 167.78749
v  38.209099 383.06195 204.10019
v  138.20889 383.06195 204.10019
v  38.209099 375.92181 161.1698
v  138.20889 332.99356 168.30957
v  38.209099 340.13367 211.23996
v  38.209099 332.99356 168.30957
v  138.20889 340.13367 211.23996
v  138.20889 375.92181 161.1698
v  38.209099 429.93411 191.07986
v  138.20889 429.93411 191.07986
v  38.209099 417.61523 149.33948
v  138.20889 375.87692 161.65775
v  38.209099 388.1958 203.39813
v  38.209099 375.87692 161.65775
v  138.20889 388.1958 203.39813
v  138.20889 417.61523 149.33948
v  38.209099 474.56537 172.00247
v  138.20889 474.56537 172.00247
v  38.209099 457.25153 132.07455
v  138.20889 417.32559 149.38756
v  38.209099 434.63947 189.31548
v  38.209099 417.32559 149.38756
v  138.20889 434.63947 189.31548
v  138.20889 457.25153 132.07455
v  38.209099 517.37604 144.78926
v  138.20889 517.37604 144.78926
v  38.209099 493.39172 108.47442
v  138.20889 457.0787 132.4575
v  38.209099 481.06302 168.77234
v  38.209099 457.0787 132.4575
v  138.20889 481.06302 168.77234
v  138.20889 493.39172 108.47442
v  38.209099 554.70685 110.1421
v  138.20889 554.70685 110.1421
v  38.209099 524.78101 78.543823
v  138.20889 493.1843 108.46816
v  38.209099 523.11017 140.06644
v  38.209099 493.1843 108.46816
v  138.20889 523.11017 140.06644
v  138.20889 524.78101 78.543823
v  38.209099 584.64008 64.27906
v  138.20889 584.64008 64.27906
v  38.209099 547.55548 41.502861
v  138.20889 524.7804 78.585526
v  38.209099 561.86499 101.36172
v  38.209099 524.7804 78.585526
v  138.20889 561.86499 101.36172
v  138.20889 547.55548 41.502861
v  38.209099 602.33191 13.783524
v  138.20889 602.33191 13.783524
v  38.209099 561.05194 -3.0517578e-05
v  138.20889 547.26904 41.277901
v  38.209099 588.54901 55.061459
v  38.209099 547.26904 41.277901
v  138.20889 588.54901 55.061459
v  138.20889 561.05194 -3.0517578e-05
v  185.86075 374.48538 1.7535591
v  206.83733 276.71024 1.7536011
v  184.3757 374.16675 45.247166
v  247.87616 285.51471 46.766056
v  228.38463 383.60849 3.2724152
v  226.89958 383.28986 46.766018
v  249.36121 285.83334 3.2724571
v  205.35228 276.3916 45.247204
v  184.25995 373.65298 42.769424
v  205.23657 275.87787 42.769485
v  181.29166 373.01617 86.18383
v  244.71457 284.34747 89.219666
v  226.70624 382.7594 45.805191
v  223.73793 382.12259 89.219597
v  247.68286 284.98431 45.805252
v  202.26828 275.24106 86.183899
v  181.17801 372.82553 86.011314
v  202.15463 275.05042 86.011375
v  176.73009 371.87125 129.29332
v  240.02341 283.1748 133.84235
v  223.49469 381.90421 90.560287
v  219.04677 380.94992 133.84229
v  244.47133 284.12909 90.560349
v  197.70671 274.09613 129.29338
v  176.72116 372.00342 129.42339
v  197.69781 274.22833 129.42345
v  170.79909 370.73291 172.52019
v  233.91162 281.99762 178.57686
v  218.85706 381.04324 135.48
v  212.93498 379.77274 178.5768
v  239.83369 283.26816 135.48006
v  191.77573 272.95779 172.52025
v  170.91759 371.18494 172.54059
v  191.89426 273.40982 172.54071
v  163.52852 369.59967 215.39981
v  226.40869 280.81454 222.95682
v  212.82111 380.17493 180.0975
v  205.43202 378.58966 222.9567
v  233.79778 282.39981 180.0976
v  184.50519 271.82455 215.3999
v  162.91251 370.37253 215.41373
v  183.88918 272.59741 215.41385
v  154.06543 368.47449 257.98291
v  216.66241 279.62857 267.03107
v  204.53282 379.30173 224.46176
v  195.68575 377.40369 267.03094
v  225.50949 281.52661 224.46187
v  175.0421 270.6994 257.98303
v  154.60522 368.56345 257.9425
v  175.58191 270.78836 257.9426
v  144.31094 366.35495 300.1701
v  206.57356 277.43738 310.69824
v  195.89116 377.42096 268.47055
v  185.59688 375.21246 310.69815
v  216.86783 279.64587 268.47064
v  165.28763 268.57983 300.1702
v  143.79338 366.75806 299.96158
v  164.77007 268.98297 299.96167
v  132.06442 364.24176 341.79596
v  193.94266 275.2417 353.79138
v  184.69493 375.53311 311.95688
v  172.96597 373.01682 353.79129
v  205.67162 277.758 311.957
v  153.04111 266.46667 341.79608
v  132.34056 363.95764 341.78421
v  153.31723 266.18253 341.7843
v  119.19124 361.1366 383.17419
v  180.63548 272.04337 396.62228
v  172.80814 372.63953 355.23218
v  159.65881 369.81848 396.62216
v  193.78481 274.86441 355.2323
v  140.16791 263.36148 383.17432
v  118.95396 360.38513 382.80811
v  139.93063 262.61002 382.80823
v  91.602051 354.51706 416.14655
v  145.17381 263.73492 444.11969
v  151.54906 367.37811 410.78116
v  124.19714 361.51004 444.1196
v  172.52573 269.603 410.78125
v  112.57872 256.74194 416.14667
v  49.445679 346.3233 416.02213
v  70.422348 248.54819 416.02222
v  49.445641 346.3233 459.54251
v  112.97218 257.67682 459.54272
v  91.99556 355.45197 416.02225
v  91.995522 355.45197 459.54263
v  112.97222 257.67685 416.02234
v  70.42231 248.54817 459.5426
v  18.694588 339.33264 386.16736
v  39.671265 241.55756 386.16748
v  -9.7782898 333.22412 418.50916
v  42.819088 242.23294 447.62866
v  50.315285 346.11661 415.28677
v  21.842411 340.00806 447.62857
v  71.291962 248.34149 415.28687
v  11.198387 235.44901 418.50928
v  0.93883514 229.66087 1.538269
v  -21.492205 327.11279 1.4862556
v  -0.5463028 229.34227 45.032272
v  -65.360832 317.03784 43.461723
v  -41.444653 219.90453 0.019737244
v  -42.92979 219.58592 43.513741
v  -63.875694 317.35645 -0.032276154
v  -22.977343 326.79419 44.980255
v  -0.4413414 229.85735 42.425072
v  -22.872143 327.30927 42.373116
v  -0.44628906 229.87952 85.945061
v  -65.286171 317.56992 85.893295
v  -42.850422 220.09583 42.425259
v  -42.85537 220.118 85.945251
v  -65.281219 317.54776 42.373302
v  -22.877092 327.33142 85.893105
v  -0.32356262 230.07486 85.784317
v  -22.754408 327.52679 85.732231
v  1.1516342 230.43771 129.27832
v  -63.662693 318.13483 130.74529
v  -42.707043 220.32002 87.303375
v  -41.231846 220.68288 130.79738
v  -65.137886 317.77197 87.251282
v  -21.279213 327.88965 129.22623
v  1.1534309 230.30392 129.40646
v  -21.277246 327.75546 129.35446
v  4.1070023 231.007 172.82047
v  -60.629967 318.72238 175.80429
v  -41.152859 220.56778 132.44228
v  -38.199287 221.27086 175.85629
v  -63.583534 318.01932 132.39027
v  -18.323677 328.45856 172.76846
v  3.9945793 230.55223 172.82651
v  -18.436253 328.00415 172.77454
v  8.4227791 231.59464 216.10809
v  -56.185539 319.34085 220.60516
v  -38.182907 220.84653 177.37555
v  -33.754707 221.88892 220.65715
v  -60.613739 318.29846 177.32358
v  -14.008053 329.04657 216.05612
v  9.0475159 230.83147 216.15417
v  -13.383339 328.28302 216.10217
v  14.945194 232.21201 259.25098
v  -49.482765 320.00006 265.25571
v  -32.949589 221.168 222.21091
v  -27.05191 222.54852 265.30771
v  -55.380444 318.61954 222.15892
v  -7.4856606 329.66354 259.19897
v  14.411263 232.11487 259.1723
v  -8.0199661 329.56677 259.1203
v  21.771099 233.83168 302.03152
v  -42.426041 321.67426 309.53668
v  -27.354647 222.50551 266.72949
v  -19.994812 224.22232 309.58868
v  -49.785877 319.95743 266.67746
v  -0.66012955 331.28363 301.97949
v  22.307524 233.43961 301.8526
v  -0.12337875 330.89151 301.80066
v  31.120405 235.49086 344.42181
v  -32.794025 323.39917 353.41797
v  -19.175999 223.896 310.90076
v  -10.363121 225.94727 353.46994
v  -41.606903 321.3479 310.84879
v  8.689497 332.94278 344.36984
v  30.841343 235.77188 344.39545
v  8.4105568 333.22339 344.34344
v  41.096703 238.15497 386.62305
v  -22.484829 326.14026 397.09918
v  -10.309402 226.30568 354.92355
v  -0.054042816 228.68875 397.15115
v  -32.740189 323.7572 354.87158
v  18.665916 335.60648 386.57104
v  -73.390938 13.61554 4.3379478
v  261.74014 13.61554 4.3379478
v  -73.390938 616.39062 4.3379478
v  261.74014 616.39062 -3.633499e-05
v  -73.390938 13.61554 -3.633499e-05
v  -73.390938 616.39062 -3.633499e-05
v  261.74014 13.61554 -3.633499e-05
v  261.74014 616.39062 4.3379478

# 0 UV coordinates

# 302 vertex normals
vn 0 0.41378915 0.9103775
vn -0 -0.41378915 -0.9103775
vn 0 -0.91037786 0.4137885
vn -1.0000044 0 0
vn 1.0000044 0 0
vn 0 0.91037786 -0.41378844
vn 0 0.56558716 0.8246938
vn -0 -0.56558722 -0.82469386
vn 0 -0.8246938 0.56558728
vn 0 0.82469374 -0.56558728
vn 0 0.70020324 0.7139498
vn -0 -0.7002033 -0.71394968
vn 0 -0.71395046 0.70020247
vn 0 0.7139504 -0.70020258
vn 0 0.81354076 0.58151537
vn -0 -0.81354082 -0.58151531
vn 0 -0.58151543 0.81354082
vn 0 0.58151555 -0.8135407
vn 0 0.90216041 0.43141103
vn -0 -0.90216041 -0.43141103
vn 0 -0.43141153 0.90216017
vn 0 0.43141153 -0.90216017
vn 0 0.96336824 0.26819819
vn -0 -0.96336824 -0.26819819
vn 0 -0.26819825 0.96336824
vn 0 0.26819825 -0.96336824
vn 0 0.99530447 0.096839435
vn -0 -0.99530447 -0.096839055
vn 0 -0.096840061 0.99530435
vn 0 0.096840382 -0.99530435
vn 0 0.99995708 0.0097240005
vn -0 -0.99995708 -0.0097247008
vn 0 -0.0097244857 0.99995714
vn 0 0.0097244922 -0.99995714
vn 0 0.98645377 -0.16406593
vn 0 -0.98645389 0.16406524
vn 0 0.16406561 0.98645389
vn 0 -0.16406572 -0.98645389
vn 0 0.95910627 -0.28306189
vn 0 -0.95910627 0.28306189
vn 0 0.28306192 0.95910627
vn 0 -0.28306192 -0.95910627
vn 0 0.9174611 -0.39783639
vn 0 -0.91746092 0.39783698
vn 0 0.39783704 0.91746086
vn 0 -0.39783677 -0.91746098
vn 0 0.83443856 -0.55110902
vn 0 -0.8344385 0.55110908
vn 0 0.55110848 0.83443886
vn 0 -0.5511086 -0.8344388
vn 0 0.72606325 -0.68763429
vn 0 -0.72606289 0.68763465
vn 0 0.68763435 0.72606319
vn 0 -0.68763399 -0.72606349
vn 0 0.52334809 -0.85212421
vn 0 -0.52334797 0.85212427
vn 0 0.85212338 0.52334934
vn 0 -0.85212344 -0.52334929
vn 0 0.31671643 -0.94852495
vn 0 -0.31671649 0.94852483
vn 0 0.94852477 0.31671691
vn 0 -0.94852465 -0.31671691
vn -0.97716027 -0.20963897 -0.034899987
vn 0.97716027 0.20963895 0.034900002
vn 0.97716027 0.20963894 0.034900002
vn -0.97716027 -0.20963895 -0.034899991
vn 0.034125499 0.0073208199 -0.99939513
vn -0.2097685 0.97775555 6.9540289e-07
vn 0.2097685 -0.97775555 -6.9540289e-07
vn -0.034125406 -0.007320839 0.99939513
vn -0.2097685 0.97775555 6.9288507e-07
vn 0.20976852 -0.97775555 -6.9540295e-07
vn -0.97537392 -0.20925626 -0.069756828
vn 0.97537392 0.20925643 0.069757141
vn 0.97537404 0.20925635 0.069756955
vn -0.97537392 -0.20925628 -0.069756821
vn 0.068207018 0.014632478 -0.99756825
vn -0.20976751 0.97775578 -2.1954574e-07
vn 0.20976812 -0.97775567 1.8832581e-07
vn -0.068207063 -0.014632408 0.99756831
vn -0.20976746 0.97775578 -1.45021e-07
vn 0.20976748 -0.97775578 -5.4382861e-07
vn 0.068207018 0.014632476 -0.99756831
vn -0.06820704 -0.014632413 0.99756831
vn -0.97239947 -0.20861813 -0.10452929
vn 0.97239947 0.2086183 0.10452934
vn 0.10220572 0.021926556 -0.99452603
vn -0.20976895 0.97775543 4.894477e-07
vn 0.20976886 -0.97775543 -4.9750417e-07
vn -0.10220557 -0.021926513 0.99452603
vn -0.20976895 0.97775549 4.8340507e-07
vn 0.20976889 -0.97775549 -4.9750435e-07
vn 0.10220576 0.02192655 -0.99452603
vn -0.10220554 -0.021926522 0.99452603
vn -0.96824044 -0.20772624 -0.13917294
vn 0.96824044 0.20772603 0.13917293
vn 0.96824044 0.20772611 0.13917308
vn -0.96824044 -0.20772603 -0.1391734
vn 0.13607851 0.029193625 -0.99027228
vn -0.20976746 0.97775578 -2.7795713e-07
vn 0.20976759 -0.97775567 -3.1824084e-07
vn -0.13607846 -0.029193606 0.99027222
vn -0.20976748 0.97775578 -2.739288e-07
vn 0.20976755 -0.97775578 -4.0082222e-07
vn 0.13607846 0.029193636 -0.99027222
vn -0.96290147 -0.20658106 -0.17364828
vn 0.96290141 0.20658107 0.17364874
vn 0.96290135 0.206581 0.17364861
vn -0.96290141 -0.20658098 -0.1736484
vn 0.16978642 0.03642505 -0.9848119
vn -0.20976804 0.97775567 2.1753181e-07
vn 0.209768 -0.97775567 -3.0212743e-07
vn -0.16978648 -0.036425058 0.9848119
vn -0.20976797 0.97775561 2.9004207e-07
vn 0.20976801 -0.97775561 -2.1753162e-07
vn 0.16978717 0.036424901 -0.98481178
vn -0.16978721 -0.036424909 0.98481178
vn -0.95638931 -0.20518397 -0.20791322
vn 0.95638931 0.20518398 0.20791322
vn 0.95638931 0.20518395 0.20791315
vn -0.95638931 -0.20518403 -0.2079131
vn 0.20328805 0.043612339 -0.97815162
vn -0.20976716 0.97775584 -1.3293592e-07
vn 0.20976703 -0.9777559 8.0164398e-07
vn -0.20328839 -0.043612275 0.97815162
vn -0.20976716 0.97775584 -1.2890756e-07
vn 0.20976651 -0.97775596 -1.2085081e-08
vn 0.20328841 0.043612268 -0.97815162
vn -0.20328844 -0.043612272 0.97815162
vn -0.94871211 -0.20353709 -0.24192284
vn 0.94871211 0.20353712 0.24192284
vn 0.94871223 0.20353699 0.24192253
vn -0.94871217 -0.20353702 -0.24192294
vn 0.2365423 0.050746884 -0.9702996
vn -0.20976813 0.97775567 -1.0070939e-06
vn 0.20976835 -0.97775555 3.5852551e-07
vn -0.23654225 -0.050746895 0.9702996
vn -0.20976812 0.97775567 -9.9903707e-07
vn 0.2097688 -0.97775549 1.0997464e-06
vn 0.23654222 0.050746903 -0.9702996
vn -0.2365422 -0.050746899 0.9702996
vn -0.93987894 -0.20164207 -0.27563915
vn 0.93987894 0.20164201 0.27563891
vn 0.93987894 0.2016421 0.27563912
vn -0.93987894 -0.20164213 -0.27563894
vn 0.26950881 0.057819251 -0.96126509
vn -0.20976827 0.97775555 -9.6680969e-07
vn 0.20976761 -0.97775567 7.7344788e-07
vn -0.26950875 -0.057819258 0.96126521
vn -0.20976827 0.97775561 -9.6681072e-07
vn 0.20976764 -0.97775573 7.7344873e-07
vn 0.26950809 0.057819411 -0.96126539
vn -0.26950812 -0.0578194 0.96126527
vn -0.92990011 -0.19950102 -0.30902058
vn 0.92990023 0.19950113 0.30902061
vn -0.92990023 -0.19950113 -0.30902037
vn 0.30214521 0.064821035 -0.95106
vn -0.20976703 0.9777559 -3.2227021e-08
vn 0.20976701 -0.97775578 3.2226993e-08
vn -0.30214462 -0.064820915 0.9510603
vn -0.20976701 0.97775578 -3.2227021e-08
vn 0.20976703 -0.9777559 3.2227021e-08
vn 0.30214459 0.064821191 -0.9510603
vn -0.74900389 -0.16069205 -0.64279073
vn 0.74900389 0.16069195 0.64279091
vn 0.74900377 0.16069186 0.64279073
vn 0.6284911 0.13483575 -0.76604629
vn -0.20976813 0.97775567 -5.9619913e-07
vn 0.20976812 -0.97775567 5.4785892e-07
vn -0.6284917 -0.13483563 0.76604599
vn -0.20976813 0.97775567 -5.4785869e-07
vn 0.62849164 0.13483562 -0.76604605
vn -0.6284911 -0.13483579 0.76604629
vn -0.97775573 -0.20976765 -8.5703334e-07
vn 0.97775573 0.20976752 8.4147348e-07
vn 0.97775573 0.20976759 1.0097685e-06
vn -0.97775573 -0.20976764 -9.3058043e-07
vn 2.9347e-06 -3.0675426e-07 -1.0000044
vn -0.20976795 0.97775567 -1.8386814e-07
vn 0.209768 -0.97775567 -1.5894514e-07
vn -2.9346993e-06 3.0675412e-07 1.0000044
vn -0.20976795 0.97775567 -1.7724828e-07
vn 0.20976765 -0.97775573 -5.0175879e-07
vn 2.9346993e-06 -3.0675415e-07 -1.0000044
vn -2.9346998e-06 3.067542e-07 1.0000044
vn -0.7266131 -0.15588848 -0.66913456
vn 0.72661304 0.15588821 0.66913456
vn -0.72661304 -0.15588841 -0.66913468
vn 0.65424776 0.14036165 -0.74314678
vn -0.20976794 0.97775567 -7.8956202e-07
vn 0.20976794 -0.97775567 8.0567594e-07
vn -0.65424824 -0.14036152 0.74314648
vn -0.20976798 0.97775567 -1.7724863e-06
vn 0.20976794 -0.97775567 7.8956236e-07
vn 0.65424812 0.14036155 -0.74314654
vn -0.65424776 -0.14036167 0.74314678
vn 0.97392446 0.22419213 0.034897693
vn -0.97392446 -0.22419214 -0.034897711
vn -0.97392446 -0.22419214 -0.034897715
vn 0.97392446 0.22419214 0.034897696
vn 0.034121584 0.0073205405 -0.99939525
vn 0.22430879 -0.97452247 0.00052060554
vn -0.22430877 0.97452247 -0.00052060501
vn -0.034121592 -0.0073205028 0.99939525
vn 0.2243088 -0.97452247 0.00052060507
vn -0.034121588 -0.0073205037 0.99939525
vn 0.97452259 0.22430879 -3.4822206e-06
vn -0.97452259 -0.22430879 3.4781183e-06
vn -0.97452259 -0.2243087 3.3098213e-06
vn 0.97452259 0.22430883 -3.3608951e-06
vn 0.0001123572 -0.00050728733 -1.0000043
vn 0.22431085 -0.97452199 0.00052196614
vn -0.22431052 0.97452205 -0.0005216343
vn -0.00011227204 0.00050730712 1.0000043
vn 0.22431083 -0.97452199 0.00052196969
vn -0.22431052 0.97452205 -0.00052164414
vn 0.00011235743 -0.00050728739 -1.0000043
vn -0.00011227184 0.00050730706 1.0000043
vn 0.97393286 0.22415479 -0.034903158
vn -0.97393286 -0.22415477 0.03490315
vn -0.97393286 -0.22415473 0.034903094
vn 0.97393286 0.2241548 -0.034903124
vn -0.033900097 -0.0083371317 -0.99939483
vn 0.22431134 -0.97452193 0.00052204402
vn -0.22431101 0.97452193 -0.00052206573
vn 0.033900268 0.0083371736 0.99939483
vn 0.22431134 -0.97452193 0.00052204303
vn -0.22431101 0.97452199 -0.0005220758
vn -0.033900283 -0.0083370982 -0.99939483
vn 0.033900268 0.0083371727 0.99939483
vn 0.97215658 0.22372663 -0.069761626
vn -0.97215658 -0.22372669 0.069761582
vn -0.97215658 -0.22372662 0.069761463
vn 0.97215658 0.22372662 -0.069761656
vn -0.06786602 -0.01615322 -0.99756807
vn 0.22430886 -0.97452247 0.00052181911
vn -0.22430891 0.97452241 -0.0005221687
vn 0.067866355 0.016153296 0.99756807
vn 0.22430886 -0.97452241 0.00052182225
vn -0.2243095 0.97452235 -0.00052144943
vn 0.06786634 0.016153298 0.99756807
vn 0.96919602 0.22302732 -0.10453125
vn -0.96919596 -0.22302723 0.1045311
vn -0.96919596 -0.22302726 0.10453115
vn 0.96919596 0.22302724 -0.1045313
vn -0.10175278 -0.023951154 -0.99452573
vn 0.22430944 -0.97452235 0.00052087108
vn -0.22430886 0.97452247 -0.00052162271
vn 0.1017531 0.023951229 0.99452573
vn 0.22430916 -0.97452241 0.00052125804
vn -0.22430947 0.97452235 -0.00052087131
vn -0.10175278 -0.023951156 -0.99452573
vn 0.10175272 0.023951298 0.99452573
vn 0.96505386 0.22205646 -0.1391782
vn -0.96505386 -0.22205648 0.13917813
vn -0.96505386 -0.22205651 0.13917817
vn 0.96505386 0.22205648 -0.13917811
vn -0.13551633 -0.031720668 -0.99027157
vn 0.22431137 -0.97452188 0.00052055431
vn -0.22431137 0.97452188 -0.00052055425
vn 0.13551596 0.031720739 0.99027169
vn 0.22431108 -0.97452193 0.00052093301
vn -0.22431137 0.97452193 -0.00052055449
vn -0.13551596 -0.031720739 -0.99027169
vn 0.95973617 0.22081693 -0.17365229
vn -0.95973617 -0.22081687 0.17365238
vn -0.95973623 -0.22081685 0.17365235
vn 0.95973617 0.22081678 -0.17365265
vn -0.16911542 -0.039452367 -0.98481071
vn 0.22430857 -0.97452247 0.00051793311
vn -0.22430842 0.97452259 -0.00051898859
vn 0.16911544 0.039452359 0.98481077
vn 0.22430858 -0.97452253 0.00051790051
vn -0.22430891 0.97452241 -0.00051819847
vn -0.16911614 -0.039452232 -0.98481053
vn 0.16911615 0.039452221 0.98481065
vn 0.95325071 0.21930279 -0.20791391
vn -0.95325071 -0.21930273 0.20791405
vn 0.95325071 0.21930274 -0.20791401
vn -0.2025048 -0.04713301 -0.97815078
vn 0.22430985 -0.97452223 0.00052133255
vn -0.22431013 0.97452217 -0.00052127609
vn 0.2025048 0.047133021 0.97815078
vn 0.2243101 -0.97452217 0.00052091712
vn -0.22431014 0.97452217 -0.00052126398
vn -0.20250556 -0.047132876 -0.97815067
vn 0.2025048 0.04713301 0.97815078
vn 0.94560283 0.21752392 -0.24192414
vn -0.94560283 -0.21752399 0.24192406
vn -0.94560295 -0.21752401 0.24192403
vn -0.23564814 -0.054757491 -0.97029907
vn 0.22430986 -0.97452223 0.00052047649
vn -0.22430931 0.97452235 -0.00052096392
vn 0.23564741 0.054757636 0.9702993
vn 0.22430962 -0.97452229 0.00052088336
vn -0.2243098 0.97452229 -0.00052013807
vn -0.23564741 -0.05475764 -0.9702993
vn 0.23564813 0.054757491 0.97029907
vn 0 0 1.0000044
vn 0 0 -1.0000044
vn 0 -1.0000044 0
vn 0 1.0000044 0

# Mesh 'meshes_0' with 444 faces
g meshes_0
usemtl $Material_0
f  1//1 2//1 3//1
f  4//2 5//2 6//2
f  5//2 4//2 7//2
f  8//1 3//1 2//1
f  5//3 7//3 2//3
f  5//4 3//4 6//4
f  8//5 2//5 7//5
f  6//6 3//6 8//6
f  5//4 1//4 3//4
f  7//5 4//5 8//5
f  2//3 1//3 5//3
f  8//6 4//6 6//6
f  9//7 10//7 11//7
f  12//8 13//8 14//8
f  13//8 12//8 15//8
f  16//7 11//7 10//7
f  13//9 15//9 10//9
f  13//4 11//4 14//4
f  16//5 10//5 15//5
f  14//10 11//10 16//10
f  13//4 9//4 11//4
f  15//5 12//5 16//5
f  10//9 9//9 13//9
f  16//10 12//10 14//10
f  17//11 18//11 19//11
f  20//12 21//12 22//12
f  21//12 20//12 23//12
f  24//11 19//11 18//11
f  21//13 23//13 18//13
f  21//4 19//4 22//4
f  24//5 18//5 23//5
f  22//14 19//14 24//14
f  21//4 17//4 19//4
f  23//5 20//5 24//5
f  18//13 17//13 21//13
f  24//14 20//14 22//14
f  25//15 26//15 27//15
f  28//16 29//16 30//16
f  29//16 28//16 31//16
f  32//15 27//15 26//15
f  29//17 31//17 26//17
f  29//4 27//4 30//4
f  32//5 26//5 31//5
f  30//18 27//18 32//18
f  29//4 25//4 27//4
f  31//5 28//5 32//5
f  26//17 25//17 29//17
f  32//18 28//18 30//18
f  33//19 34//19 35//19
f  36//20 37//20 38//20
f  37//20 36//20 39//20
f  40//19 35//19 34//19
f  37//21 39//21 34//21
f  37//4 35//4 38//4
f  40//5 34//5 39//5
f  38//22 35//22 40//22
f  37//4 33//4 35//4
f  39//5 36//5 40//5
f  34//21 33//21 37//21
f  40//22 36//22 38//22
f  41//23 42//23 43//23
f  44//24 45//24 46//24
f  45//24 44//24 47//24
f  48//23 43//23 42//23
f  45//25 47//25 42//25
f  45//4 43//4 46//4
f  48//5 42//5 47//5
f  46//26 43//26 48//26
f  45//4 41//4 43//4
f  47//5 44//5 48//5
f  42//25 41//25 45//25
f  48//26 44//26 46//26
f  49//27 50//27 51//27
f  52//28 53//28 54//28
f  53//28 52//28 55//28
f  56//27 51//27 50//27
f  53//29 55//29 50//29
f  53//4 51//4 54//4
f  56//5 50//5 55//5
f  54//30 51//30 56//30
f  53//4 49//4 51//4
f  55//5 52//5 56//5
f  50//29 49//29 53//29
f  56//30 52//30 54//30
f  57//31 58//31 59//31
f  60//32 61//32 62//32
f  61//32 60//32 63//32
f  64//31 59//31 58//31
f  61//33 63//33 58//33
f  61//4 59//4 62//4
f  64//5 58//5 63//5
f  62//34 59//34 64//34
f  61//4 57//4 59//4
f  63//5 60//5 64//5
f  58//33 57//33 61//33
f  64//34 60//34 62//34
f  65//35 66//35 67//35
f  68//36 69//36 70//36
f  69//36 68//36 71//36
f  72//35 67//35 66//35
f  69//37 71//37 66//37
f  69//4 67//4 70//4
f  72//5 66//5 71//5
f  70//38 67//38 72//38
f  69//4 65//4 67//4
f  71//5 68//5 72//5
f  66//37 65//37 69//37
f  72//38 68//38 70//38
f  73//39 74//39 75//39
f  76//40 77//40 78//40
f  77//40 76//40 79//40
f  80//39 75//39 74//39
f  77//41 79//41 74//41
f  77//4 75//4 78//4
f  80//5 74//5 79//5
f  78//42 75//42 80//42
f  77//4 73//4 75//4
f  79//5 76//5 80//5
f  74//41 73//41 77//41
f  80//42 76//42 78//42
f  81//43 82//43 83//43
f  84//44 85//44 86//44
f  85//44 84//44 87//44
f  88//43 83//43 82//43
f  85//45 87//45 82//45
f  85//4 83//4 86//4
f  88//5 82//5 87//5
f  86//46 83//46 88//46
f  85//4 81//4 83//4
f  87//5 84//5 88//5
f  82//45 81//45 85//45
f  88//46 84//46 86//46
f  89//47 90//47 91//47
f  92//48 93//48 94//48
f  93//48 92//48 95//48
f  96//47 91//47 90//47
f  93//49 95//49 90//49
f  93//4 91//4 94//4
f  96//5 90//5 95//5
f  94//50 91//50 96//50
f  93//4 89//4 91//4
f  95//5 92//5 96//5
f  90//49 89//49 93//49
f  96//50 92//50 94//50
f  97//51 98//51 99//51
f  100//52 101//52 102//52
f  101//52 100//52 103//52
f  104//51 99//51 98//51
f  101//53 103//53 98//53
f  101//4 99//4 102//4
f  104//5 98//5 103//5
f  102//54 99//54 104//54
f  101//4 97//4 99//4
f  103//5 100//5 104//5
f  98//53 97//53 101//53
f  104//54 100//54 102//54
f  105//55 106//55 107//55
f  108//56 109//56 110//56
f  109//56 108//56 111//56
f  112//55 107//55 106//55
f  109//57 111//57 106//57
f  109//4 107//4 110//4
f  112//5 106//5 111//5
f  110//58 107//58 112//58
f  109//4 105//4 107//4
f  111//5 108//5 112//5
f  106//57 105//57 109//57
f  112//58 108//58 110//58
f  113//59 114//59 115//59
f  116//60 117//60 118//60
f  117//60 116//60 119//60
f  120//59 115//59 114//59
f  117//61 119//61 114//61
f  117//4 115//4 118//4
f  120//5 114//5 119//5
f  118//62 115//62 120//62
f  117//4 113//4 115//4
f  119//5 116//5 120//5
f  114//61 113//61 117//61
f  120//62 116//62 118//62
f  121//63 122//63 123//63
f  124//64 125//64 126//64
f  125//65 124//65 127//65
f  128//66 123//66 122//66
f  125//67 127//67 122//67
f  125//68 123//68 126//68
f  128//69 122//69 127//69
f  126//70 123//70 128//70
f  125//71 121//71 123//71
f  127//72 124//72 128//72
f  122//67 121//67 125//67
f  128//70 124//70 126//70
f  129//73 130//73 131//73
f  132//74 133//74 134//74
f  133//75 132//75 135//75
f  136//76 131//76 130//76
f  133//77 135//77 130//77
f  133//78 131//78 134//78
f  136//79 130//79 135//79
f  134//80 131//80 136//80
f  133//81 129//81 131//81
f  135//82 132//82 136//82
f  130//83 129//83 133//83
f  136//84 132//84 134//84
f  137//85 138//85 139//85
f  140//86 141//86 142//86
f  141//86 140//86 143//86
f  144//85 139//85 138//85
f  141//87 143//87 138//87
f  141//88 139//88 142//88
f  144//89 138//89 143//89
f  142//90 139//90 144//90
f  141//91 137//91 139//91
f  143//92 140//92 144//92
f  138//93 137//93 141//93
f  144//94 140//94 142//94
f  145//95 146//95 147//95
f  148//96 149//96 150//96
f  149//97 148//97 151//97
f  152//98 147//98 146//98
f  149//99 151//99 146//99
f  149//100 147//100 150//100
f  152//101 146//101 151//101
f  150//102 147//102 152//102
f  149//103 145//103 147//103
f  151//104 148//104 152//104
f  146//105 145//105 149//105
f  152//102 148//102 150//102
f  153//106 154//106 155//106
f  156//107 157//107 158//107
f  157//108 156//108 159//108
f  160//109 155//109 154//109
f  157//110 159//110 154//110
f  157//111 155//111 158//111
f  160//112 154//112 159//112
f  158//113 155//113 160//113
f  157//114 153//114 155//114
f  159//115 156//115 160//115
f  154//116 153//116 157//116
f  160//117 156//117 158//117
f  161//118 162//118 163//118
f  164//119 165//119 166//119
f  165//120 164//120 167//120
f  168//121 163//121 162//121
f  165//122 167//122 162//122
f  165//123 163//123 166//123
f  168//124 162//124 167//124
f  166//125 163//125 168//125
f  165//126 161//126 163//126
f  167//127 164//127 168//127
f  162//128 161//128 165//128
f  168//129 164//129 166//129
f  169//130 170//130 171//130
f  172//131 173//131 174//131
f  173//132 172//132 175//132
f  176//133 171//133 170//133
f  173//134 175//134 170//134
f  173//135 171//135 174//135
f  176//136 170//136 175//136
f  174//137 171//137 176//137
f  173//138 169//138 171//138
f  175//139 172//139 176//139
f  170//140 169//140 173//140
f  176//141 172//141 174//141
f  177//142 178//142 179//142
f  180//143 181//143 182//143
f  181//144 180//144 183//144
f  184//145 179//145 178//145
f  181//146 183//146 178//146
f  181//147 179//147 182//147
f  184//148 178//148 183//148
f  182//149 179//149 184//149
f  181//150 177//150 179//150
f  183//151 180//151 184//151
f  178//152 177//152 181//152
f  184//153 180//153 182//153
f  185//154 186//154 187//154
f  188//155 189//155 190//155
f  189//155 188//155 191//155
f  192//156 187//156 186//156
f  189//157 191//157 186//157
f  189//158 187//158 190//158
f  192//159 186//159 191//159
f  190//160 187//160 192//160
f  189//161 185//161 187//161
f  191//162 188//162 192//162
f  186//163 185//163 189//163
f  192//160 188//160 190//160
f  193//164 194//164 195//164
f  196//165 197//165 198//165
f  197//166 196//166 199//166
f  200//164 195//164 194//164
f  197//167 199//167 194//167
f  197//168 195//168 198//168
f  200//169 194//169 199//169
f  198//170 195//170 200//170
f  197//171 193//171 195//171
f  199//169 196//169 200//169
f  194//172 193//172 197//172
f  200//173 196//173 198//173
f  201//174 202//174 203//174
f  204//175 205//175 206//175
f  205//176 204//176 207//176
f  208//177 203//177 202//177
f  205//178 207//178 202//178
f  205//179 203//179 206//179
f  208//180 202//180 207//180
f  206//181 203//181 208//181
f  205//182 201//182 203//182
f  207//183 204//183 208//183
f  202//184 201//184 205//184
f  208//185 204//185 206//185
f  209//186 210//186 211//186
f  212//187 213//187 214//187
f  213//187 212//187 215//187
f  216//188 211//188 210//188
f  213//189 215//189 210//189
f  213//190 211//190 214//190
f  216//191 210//191 215//191
f  214//192 211//192 216//192
f  213//193 209//193 211//193
f  215//194 212//194 216//194
f  210//195 209//195 213//195
f  216//196 212//196 214//196
f  217//197 218//197 219//197
f  220//198 221//198 222//198
f  221//199 220//199 223//199
f  224//200 219//200 218//200
f  221//201 223//201 218//201
f  221//202 219//202 222//202
f  224//203 218//203 223//203
f  222//204 219//204 224//204
f  221//205 217//205 219//205
f  223//203 220//203 224//203
f  218//201 217//201 221//201
f  224//206 220//206 222//206
f  225//207 226//207 227//207
f  228//208 229//208 230//208
f  229//209 228//209 231//209
f  232//210 227//210 226//210
f  229//211 231//211 226//211
f  229//212 227//212 230//212
f  232//213 226//213 231//213
f  230//214 227//214 232//214
f  229//215 225//215 227//215
f  231//216 228//216 232//216
f  226//217 225//217 229//217
f  232//218 228//218 230//218
f  233//219 234//219 235//219
f  236//220 237//220 238//220
f  237//221 236//221 239//221
f  240//222 235//222 234//222
f  237//223 239//223 234//223
f  237//224 235//224 238//224
f  240//225 234//225 239//225
f  238//226 235//226 240//226
f  237//227 233//227 235//227
f  239//228 236//228 240//228
f  234//229 233//229 237//229
f  240//230 236//230 238//230
f  241//231 242//231 243//231
f  244//232 245//232 246//232
f  245//233 244//233 247//233
f  248//234 243//234 242//234
f  245//235 247//235 242//235
f  245//236 243//236 246//236
f  248//237 242//237 247//237
f  246//238 243//238 248//238
f  245//239 241//239 243//239
f  247//240 244//240 248//240
f  242//235 241//235 245//235
f  248//241 244//241 246//241
f  249//242 250//242 251//242
f  252//243 253//243 254//243
f  253//244 252//244 255//244
f  256//245 251//245 250//245
f  253//246 255//246 250//246
f  253//247 251//247 254//247
f  256//248 250//248 255//248
f  254//249 251//249 256//249
f  253//250 249//250 251//250
f  255//251 252//251 256//251
f  250//252 249//252 253//252
f  256//253 252//253 254//253
f  257//254 258//254 259//254
f  260//255 261//255 262//255
f  261//256 260//256 263//256
f  264//257 259//257 258//257
f  261//258 263//258 258//258
f  261//259 259//259 262//259
f  264//260 258//260 263//260
f  262//261 259//261 264//261
f  261//262 257//262 259//262
f  263//263 260//263 264//263
f  258//264 257//264 261//264
f  264//261 260//261 262//261
f  265//265 266//265 267//265
f  268//266 269//266 270//266
f  269//267 268//267 271//267
f  272//268 267//268 266//268
f  269//269 271//269 266//269
f  269//270 267//270 270//270
f  272//271 266//271 271//271
f  270//272 267//272 272//272
f  269//273 265//273 267//273
f  271//274 268//274 272//274
f  266//275 265//275 269//275
f  272//276 268//276 270//276
f  273//277 274//277 275//277
f  276//278 277//278 278//278
f  277//278 276//278 279//278
f  280//279 275//279 274//279
f  277//280 279//280 274//280
f  277//281 275//281 278//281
f  280//282 274//282 279//282
f  278//283 275//283 280//283
f  277//284 273//284 275//284
f  279//285 276//285 280//285
f  274//286 273//286 277//286
f  280//287 276//287 278//287
f  281//288 282//288 283//288
f  284//289 285//289 286//289
f  285//290 284//290 287//290
f  288//288 283//288 282//288
f  285//291 287//291 282//291
f  285//292 283//292 286//292
f  288//293 282//293 287//293
f  286//294 283//294 288//294
f  285//295 281//295 283//295
f  287//296 284//296 288//296
f  282//297 281//297 285//297
f  288//298 284//298 286//298
f  289//299 290//299 291//299
f  292//300 293//300 294//300
f  293//300 292//300 295//300
f  296//299 291//299 290//299
f  293//301 295//301 290//301
f  293//4 291//4 294//4
f  296//5 290//5 295//5
f  294//302 291//302 296//302
f  293//4 289//4 291//4
f  295//5 292//5 296//5
f  290//301 289//301 293//301
f  296//302 292//302 294//302

